Months	ID	X	Y	Main consumed sp	Swallow seeds	Spitted seeds	Use	% Use TOT
Mar 17	1	815014	1605465	NA	1	1	1	0.322
Mar 17	2	814233	1605235	NA	1	1	1	0.322
Mar 17	3	814624	1604426	NA	1	1	2	0.643
Mar 17	4	814659	1604476	NA	1	1	1	0.322
Mar 17	5	813892	1604261	NA	1	1	3	0.965
Mar 17	6	814145	1604482	NA	1	1	2	0.643
Mar 17	7	814145	1604482	NA	1	1	2	0.643
Mar 17	8	813786	1604129	NA	1	1	4	1.286
Mar 17	9	813786	1604129	NA	1	1	4	1.286
Mar 17	10	814304	1604094	NA	1	1	2	0.643
Apr 17	11	812961	1603348	NA	1	1	1	0.322
Mar 17	12	814304	1604096	NA	1	1	1	0.322
Mar 17	13	814914	1604380	NA	1	1	1	0.322
Mar 17	14	815635	1604705	NA	1	1	1	0.322
Mar 17	15	815720	1604714	NA	1	1	2	0.643
Apr 17	16	813994	1604192	NA	1	1	3	0.965
Apr 17	17	813994	1604192	NA	1	1	3	0.965
Apr 17	18	814001	1603904	NA	1	1	1	0.322
Apr 17	19	814000	1603837	NA	1	1	1	0.322
Apr 17	20	813055	1603385	NA	1	1	1	0.322
Apr 17	21	812961	1603348	NA	1	1	1	0.322
Apr 17	22	813977	1603280	NA	1	1	2	0.643
Apr 17	23	813977	1603280	NA	1	1	2	0.643
Apr 17	24	813994	1604370	NA	1	1	2	0.643
Apr 17	25	813977	1604446	NA	1	1	2	0.643
Apr 17	26	813836	1604215	NA	1	1	2	0.643
Apr 17	27	813994	1604192	NA	1	1	3	0.965
Apr 17	28	813786	1604129	NA	1	1	4	1.286
Apr 17	29	813786	1604129	NA	1	1	4	1.286
Apr 17	30	813882	1603208	NA	1	1	1	0.322
Apr 17	31	813874	1603120	NA	1	1	1	0.322
Apr 17	32	814802	1603997	NA	1	1	1	0.322
Apr 17	33	814826	1604057	NA	1	1	1	0.322
Apr 17	34	814307	1604026	NA	1	1	1	0.322
May 17	35	814227	1604547	Xerospermum	1	1	1	0.322
May 17	36	813970	1604548	Xerospermum	1	1	1	0.322
May 17	37	814064	1604478	Xerospermum	1	1	1	0.322
May 17	38	814277	1604851	NA	1	1	1	0.322
May 17	39	814326	1604804	Xerospermum	1	1	1	0.322
May 17	40	814386	1604501	Xerospermum	1	1	1	0.322
May 17	41	814296	1604480	Xerospermum	1	1	1	0.322
May 17	42	814145	1603873	NA	1	1	1	0.322
May 17	43	814308	1603816	NA	1	1	1	0.322
May 17	44	814616	1604074	Willugbeia	1	1	3	0.965
May 17	45	814616	1604074	Willugbeia	1	1	3	0.965
May 17	46	814127	1604166	Xerospermum	1	1	1	0.322
May 17	47	813716	1604103	NA	1	1	1	0.322
May 17	48	813773	1604053	Xerospermum	1	1	1	0.322
May 17	49	813874	1604135	Xerospermum	1	1	3	0.965
May 17	50	813901	1604318	Xerospermum	1	1	2	0.643
May 17	51	814008	1604244	Xerospermum	1	1	2	0.643
May 17	52	814094	1604526	NA	1	1	1	0.322
May 17	53	814053	1604273	NA	1	1	1	0.322
May 17	54	814149	1604547	Xerospermum	1	1	2	0.643
May 17	55	813892	1604261	Xerospermum	1	1	3	0.965
May 17	56	813819	1603352	NA	1	1	1	0.322
May 17	57	814153	1603542	Willugbeia-Aglaia-Syzygium	1	1	2	0.643
May 17	58	814282	1603640	Willugbeia	1	1	1	0.322
May 17	59	814304	1604094	Willugbeia	1	1	2	0.643
May 17	60	814282	1603640	Willugbeia	1	1	1	0.322
May 17	61	814348	1603763	Willugbeia-Aglaia	1	1	1	0.322
May 17	62	814202	1604243	Xerospermum	1	1	1	0.322
May 17	63	814225	1603959	Aglaia	1	1	1	0.322
May 17	64	814197	1604445	Xerospermum	1	1	1	0.322
May 17	65	814289	1604620	Xerospermum-Aglaia-Syzygium-Salacia	1	1	1	0.322
May 17	66	814149	1604547	Xerospermum	1	1	2	0.643
May 17	67	813977	1604446	Xerospermum-Aglaia-Salacia	1	1	2	0.643
May 17	68	813994	1604370	Xerospermum	1	1	2	0.643
Jun 17	69	813773	1604204	Xerospermum-Willugbeia-Micromelum	1	1	1	0.322
Jun 17	70	813816	1604097	Xerospermum	1	1	1	0.322
Jun 17	71	813874	1604135	Xerospermum-Aglaia	1	1	2	0.643
Jun 17	72	813836	1604215	Xerospermum	1	1	2	0.643
Jun 17	73	813857	1604292	Xerospermum	1	1	1	0.322
Jun 17	74	813744	1604438	Willugbeia	1	1	1	0.322
Jun 17	75	813907	1604821	Willugbeia	1	1	1	0.322
Jun 17	76	813993	1604895	Xerospermum	1	1	2	0.643
Jun 17	77	813942	1604885	Willugbeia-Aglaia-Salacia	1	1	1	0.322
Jun 17	78	814186	1604075	Syzygium	1	1	1	0.322
Jun 17	79	814240	1604047	Willugbeia	1	1	2	0.643
Jun 17	80	814345	1604155	Willugbeia-Syzygium	1	1	1	0.322
Jun 17	81	814351	1604220	Willugbeia	1	1	1	0.322
Jun 17	82	814510	1604211	Willugbeia	1	1	1	0.322
Jun 17	83	814450	1604266	Willugbeia	1	1	1	0.322
Jun 17	84	814616	1604074	Syzygium	1	1	3	0.965
Jun 17	85	814619	1603918	Willugbeia	1	1	1	0.322
Jun 17	86	814413	1603611	Willugbeia	1	1	1	0.322
Jun 17	87	814239	1603572	Aglaia	1	1	1	0.322
Jun 17	88	814153	1603542	Syzygium	1	1	2	0.643
Jun 17	89	814096	1603484	Willugbeia-Aglaia-Syzygium	1	1	1	0.322
Jun 17	90	813996	1603630	Willugbeiai-Rourea minor	1	1	1	0.322
Jun 17	91	814262	1603790	Syzygium	1	1	1	0.322
Jun 17	92	814124	1603961	Aglaia	1	1	1	0.322
Jun 17	93	814057	1604006	Xerospermum	1	1	1	0.322
Jun 17	94	814010	1604129	Xerospermum	1	1	1	0.322
Jun 17	95	813892	1604261	Xerospermum	1	1	3	0.965
Jun 17	96	813901	1604318	Xerospermum-Willugbeia	1	1	2	0.643
Jun 17	97	813866	1604344	Willugbeia	1	1	1	0.322
Jun 17	98	814132	1603700	Willugbeia	1	1	1	0.322
Jun 17	99	813993	1604895	Xerospermum	1	1	2	0.643
Jun 17	100	814324	1605309	Aglaia-Memecylon	1	1	1	0.322
Jun 17	101	814393	1605371	Aglaia	1	1	1	0.322
Jun 17	102	814392	1605294	Salacia	1	1	1	0.322
Jun 17	103	814438	1605258	Salacia	1	1	1	0.322
Jun 17	104	814675	1605134	Aglaia-Rourea	1	1	2	0.643
Jun 17	105	814763	1605364	Aglaia-Willugbeia	1	1	2	0.643
Jun 17	106	814651	1605480	Aglaia	1	1	2	0.643
Jun 17	107	814609	1604236	Aglaia-Willugbeia	1	1	1	0.322
Jun 17	108	814742	1604420	Aglaia-Salacia-Knema	1	1	1	0.322
Jun 17	109	814624	1604426	Aglaia	1	1	2	0.643
Jun 17	110	814485	1604353	Xerospermum	1	1	1	0.322
Jun 17	111	814476	1604098	Willugbeia-Aglaia	1	1	1	0.322
Jun 17	112	814240	1604047	Willugbeia	1	1	2	0.643
Jun 17	113	814226	1604129	Aglaia	1	1	1	0.322
Jul 17	114	814595	1605277	Sapinacidae	1	1	1	0.322
Jul 17	115	814782	1605234	Aglaia	1	1	1	0.322
Jul 17	116	814819	1605347	Aglaia	1	1	2	0.643
Jul 17	117	814700	1605401	Afzelia-Willugbeia	1	1	1	0.322
Jul 17	118	814537	1605252	Willugbeia	1	1	1	0.322
Jul 17	119	814650	1605303	Afzelia	0	1	2	0.643
Jul 17	120	814888	1605267	Afzelia	0	1	1	0.322
Jul 17	121	814819	1605347	Aglaia	1	1	2	0.643
Jul 17	122	814763	1605364	Memecylon	1	1	2	0.643
Jul 17	123	814818	1605571	Aglaia-Memecylon	1	1	2	0.643
Jul 17	124	814842	1606037	Afzelia	0	1	1	0.322
Jul 17	125	815000	1606173	Diospyros	1	1	2	0.643
Jul 17	126	815000	1606173	Dialium coc.-Memecylon	1	1	1	0.322
Jul 17	127	814954	1606123	Memecylon	1	1	1	0.322
Jul 17	128	815000	1606173	Dialium coc.-Memecylon-Vitex-Willugbeia	1	1	2	0.643
Jul 17	129	815176	1606065	Aglaia	1	1	1	0.322
Jul 17	130	815219	1605884	Willugbeia	1	1	1	0.322
Jul 17	131	815210	1605823	Willugbeia	1	1	1	0.322
Jul 17	132	815371	1605602	Dialium coc.	1	1	1	0.322
Jul 17	133	815469	1605552	Afzelia	0	1	1	0.322
Jul 17	134	815547	1605430	Afzelia	0	1	1	0.322
Jul 17	135	815625	1605229	Salacia	1	1	1	0.322
Jul 17	136	815603	1605105	Aglaia	1	1	2	0.643
Jul 17	137	815777	1604862	Aglaia	1	1	1	0.322
Jul 17	138	815768	1604790	Aglaia	1	1	3	0.965
Jul 17	139	815778	1604731	Aglaia	1	1	2	0.643
Jul 17	140	815866	1604691	Aglaia	1	1	1	0.322
Jul 17	141	815846	1604576	Aglaia	1	1	3	0.965
Jul 17	142	815699	1604636	Aglaia	1	1	1	0.322
Jul 17	143	815614	1604597	Aglaia	1	1	2	0.643
Jul 17	144	815581	1604552	Aglaia	1	1	1	0.322
Jul 17	145	815597	1604747	Aglaia-Memecylon	1	1	2	0.643
Jul 17	146	815597	1604747	Aglaia-Afzellia	1	1	2	0.643
Jul 17	147	815720	1604714	Dialium coc.-Salacia	1	1	2	0.643
Jul 17	148	815778	1604731	Aglaia-Dialium coc.	1	1	2	0.643
Jul 17	149	815837	1604778	Aglaia-Dialium coc.-Salacia	1	1	2	0.643
Jul 17	150	816088	1604727	Dialium coc.	1	1	3	0.965
Jul 17	151	815959	1604654	Aglaia	1	1	1	0.322
Jul 17	152	815846	1604576	Aglaia	1	1	3	0.965
Jul 17	153	815846	1604531	Aglaia-Afzellia	1	1	1	0.322
Jul 17	154	815687	1604541	Aglaia	1	1	2	0.643
Jul 17	155	815395	1604294	Aglaia	1	1	1	0.322
Jul 17	156	815144	1604650	Unknow	0	1	1	0.322
Jul 17	157	815213	1604582	Afzelia-Aglaia-Memecylon	1	1	1	0.322
Jul 17	158	815181	1604454	Afzelia	0	1	1	0.322
Jul 17	159	815313	1604946	Dialium coc.	1	1	1	0.322
Jul 17	160	815603	1605105	Dialium coc.-Aglaia	1	1	2	0.643
Jul 17	161	815734	1604837	Aglaia	1	1	2	0.643
Jul 17	162	815768	1604790	Aglaia	1	1	3	0.965
Jul 17	163	815837	1604778	Dialium coc.	1	1	2	0.643
Jul 17	164	815846	1604576	Aglaia	1	1	3	0.965
Jul 17	165	815973	1604254	Dialium coc.-Aglaia	1	1	1	0.322
Jul 17	166	816092	1604175	Species no. 12	1	1	1	0.322
Jul 17	167	816041	1604252	Willugbeia	1	1	1	0.322
Jul 17	168	815988	1604303	Dialium coc.-Memecylon-Willugbeia	1	1	1	0.322
Jul 17	169	815854	1604348	Memecylon-Willugbeia	1	1	1	0.322
Jul 17	170	815687	1604541	Aglaia	1	1	2	0.643
Jul 17	171	815614	1604597	Aglaia-Memecylon	1	1	2	0.643
Jul 17	172	815551	1604642	Aglaia	1	1	1	0.322
Jul 17	173	815768	1604790	Aglaia	1	1	3	0.965
Jul 17	174	815891	1605040	Memecylon	1	1	1	0.322
Jul 17	175	815894	1605096	Unknow	1	1	1	0.322
Jul 17	176	816048	1604909	Afzelia-Aglaia-Memecylon	1	1	2	0.643
Jul 17	177	816028	1604852	Aglaia	1	1	2	0.643
Jul 17	178	816088	1604727	Afzelia-Dialium coc.-Memecylon	1	1	3	0.965
Jul 17	179	816135	1604527	Species no. 11	1	0	1	0.322
Jul 17	180	816117	1604670	Afzelia	0	1	1	0.322
Jul 17	181	816088	1604727	Afzelia-Memecylon	1	1	3	0.965
Jul 17	182	816028	1604852	Aglaia	1	1	2	0.643
Jul 17	183	816048	1604909	Afzelia	0	1	2	0.643
Jul 17	184	815813	1604826	Aglaia	1	1	1	0.322
Jul 17	185	815734	1604837	Aglaia	1	1	2	0.643
Jul 17	186	815330	1605034	Memecylon	1	1	1	0.322
Jul 17	187	815169	1604965	Aglaia	1	1	1	0.322
Jul 17	188	815131	1604934	Afzelia	0	1	1	0.322
Jul 17	189	815017	1605011	Memecylon-Willugbeia	1	1	1	0.322
Jul 17	190	814675	1605134	Species no. 12	1	1	2	0.643
Jul 17	191	814651	1605480	Willugbeia	1	1	2	0.643
Jul 17	192	814389	1605237	Salacia	1	1	1	0.322
Jul 17	193	814418	1605536	Mammea-Willugbeia	1	1	1	0.322
Jul 17	194	814818	1605571	Aglaia-Memecylon	1	1	2	0.643
Jul 17	195	814650	1605303	Willugbeia	1	1	2	0.643
Jul 17	196	814139	1605020	Species no. 12	1	1	1	0.322
Jul 17	197	814251	1604918	Dialium coc.	1	1	1	0.322
Jul 17	198	814260	1605028	Cissus	1	0	1	0.322
Jul 17	199	814075	1605282	Memecylon	1	1	1	0.322
Jul 17	200	813747	1605460	Dialium coc.	1	1	1	0.322
Jul 17	201	813802	1605390	Memecylon, Species no. 12	1	1	1	0.322
