Months	ID	X	Y	Main consumed sp	Swallow seeds	Spitted seeds	Use	% Use TOT
Aug 18	420	814585	1605105	Afzellia	0	1	1	0.571
Aug 18	421	814648	1605487	Dialium coc.	1	1	1	0.571
Aug 18	422	815764	1605674	Dialium coc.	0	0	1	0.571
Aug 18	423	815798	1605573	Afzellia	0	0	1	0.571
Aug 18	424	815470	1605028	Dialium coc.	0	0	1	0.571
Aug 18	425	815365	1604940	Dialium coc.	0	0	1	0.571
Aug 18	426	815353	1604680	Vitex	1	1	1	0.571
Aug 18	427	815320	1604251	Dialium coc.	0	0	1	0.571
Aug 18	428	815896	1604084	Afzelia	0	1	1	0.571
Aug 18	429	816192	1603973	Memecylon	1	1	1	0.571
Aug 18	430	815798	1603990	Afzelia	0	1	1	0.571
Aug 18	431	815714	1603989	Dialium coc.-Vitex	1	1	1	0.571
Aug 18	432	815560	1603982	Dialium coc.	0	0	1	0.571
Aug 18	433	815368	1604004	Dialium coc.	0	0	1	0.571
Aug 18	434	814529	1603436	Afzelia-Dialium coc.	0	0	1	0.571
Aug 18	435	814460	1603404	Dialium coc.	0	0	1	0.571
Aug 18	436	814444	1603273	Afzelia	0	1	1	0.571
Aug 18	437	813547	1603841	Dialium coc.-Leucaena-Toddalia	1	0	1	0.571
Aug 18	438	813492	1603827	Leucaena	0	0	1	0.571
Aug 18	439	813360	1604281	Afzelia	0	0	1	0.571
Aug 18	440	813374	1604519	Afzelia	0	0	1	0.571
Aug 18	441	813083	1604930	Leucaena	0	0	1	0.571
Aug 18	442	813093	1605123	Leucaena	0	0	1	0.571
Aug 18	443	813073	1605287	Afzelia	0	0	1	0.571
Aug 18	444	812947	1605478	Afzelia-leucaena	0	0	1	0.571
Aug 18	445	813656	1605668	Dialium coc.	0	0	1	0.571
Aug 18	446	813638	1605787	Dialium coc.	0	0	1	0.571
Aug 18	447	813707	1605825	Dialium coc.	0	0	1	0.571
Aug 18	448	813753	1606147	Leucaena	0	0	1	0.571
Aug 18	449	814022	1606064	Afzelia	0	0	1	0.571
Aug 18	450	814114	1606282	Afzelia-Dialium coc.-Leucaena	0	0	1	0.571
Aug 18	451	814183	1606351	Afzelia-Leucaena	0	1	1	0.571
Aug 18	452	814183	1606422	Afzelia-Diospyros	1	1	1	0.571
Aug 18	453	814251	1606566	Afzelia-Vitex	1	1	1	0.571
Aug 18	454	814221	1606753	Afzelia	0	0	1	0.571
Aug 18	455	814434	1606809	Afzelia	0	0	1	0.571
Aug 18	456	814327	1606911	Afzelia	0	0	1	0.571
Aug 18	457	814189	1606767	Afzelia-Spondias	0	1	1	0.571
Aug 18	458	814233	1606832	Afzelia	0	0	1	0.571
Aug 18	459	814177	1606980	Afzelia	0	0	1	0.571
Aug 18	460	814234	1606971	Afzelia-Vitex	1	1	1	0.571
Aug 18	461	814829	1606874	Afzelia	0	1	1	0.571
Aug 18	462	814839	1606832	Afzelia-Vitex	1	1	1	0.571
Aug 18	463	814922	1606928	Afzelia	0	0	1	0.571
Aug 18	464	814932	1607110	Afzelia-Garaga	1	1	1	0.571
Aug 18	465	815294	1606965	Afzelia	0	0	1	0.571
Aug 18	466	815538	1606986	Afzelia	0	0	1	0.571
Aug 18	467	815807	1606722	Afzelia-Vitex	1	1	1	0.571
Aug 18	468	815848	1606434	Afzelia	0	0	1	0.571
Aug 18	469	815537	1606296	Afzelia-Dialium coc.	0	0	1	0.571
Aug 18	470	815573	1606095	Afzelia	0	0	1	0.571
Sep 18	471	815650	1606016	Dialium coc.	0	0	1	0.571
Sep 18	472	815554	1605817	Dialium coc.	0	0	1	0.571
Sep 18	473	815476	1605735	Dialium coc.	0	0	2	1.143
Sep 18	474	815536	1605770	Dialium coc.	0	0	1	0.571
Sep 18	475	815839	1605034	Dialium coc.	0	0	1	0.571
Sep 18	476	815995	1605080	Afzelia-Dialium coc.-Vitex	1	1	4	2.286
Sep 18	477	816112	1605071	Afzelia-Dialium coc.	0	0	1	0.571
Sep 18	478	815995	1605080	Afzelia-Dialium coc.	1	1	4	2.286
Sep 18	479	816059	1605060	Afzelia-Dialium coc.-Vitex	1	1	1	0.571
Sep 18	480	816254	1604817	Dialium coc.	0	0	1	0.571
Sep 18	481	816183	1604661	Dialium coc.	0	0	2	1.143
Sep 18	482	815853	1604407	Dialium coc.	0	0	3	1.714
Sep 18	483	815783	1604453	Dialium coc.	0	0	1	0.571
Sep 18	484	815879	1604459	Dialium coc.	0	0	1	0.571
Sep 18	485	816183	1604661	Dialium coc.	0	0	2	1.143
Sep 18	486	816238	1604310	Dialium coc.	0	0	1	0.571
Sep 18	487	816114	1603945	Afzelia-Dialium coc.	0	0	1	0.571
Sep 18	488	816152	1603902	Afzelia	0	0	1	0.571
Sep 18	489	815783	1604035	Dialium coc.	0	0	1	0.571
Sep 18	490	815829	1604069	Dialium coc.	0	0	4	2.286
Sep 18	491	815865	1604100	Dialium coc.	0	0	1	0.571
Sep 18	492	815289	1604045	Dialium coc.	0	0	1	0.571
Sep 18	493	815853	1604407	Dialium coc.	0	0	3	1.714
Sep 18	494	815967	1604740	Dialium coc.	0	0	1	0.571
Sep 18	495	816043	1604815	Dialium coc.	0	0	2	1.143
Sep 18	496	816192	1604765	Dialium coc.	0	0	2	1.143
Sep 18	497	816192	1604765	Dialium coc.	0	0	2	1.143
Sep 18	498	816146	1605019	Dialium coc.	0	0	1	0.571
Sep 18	499	816001	1604856	Dialium coc.	0	0	1	0.571
Sep 18	500	815898	1604840	Dialium coc.	0	0	1	0.571
Sep 18	501	816043	1604815	Dialium coc.	0	0	2	1.143
Sep 18	502	816045	1604876	Dialium coc.	0	0	1	0.571
Sep 18	503	815966	1605005	Afzelia-Dialium coc.	0	0	1	0.571
Sep 18	504	815995	1605080	Afzelia-Dialium coc.-Vitex	1	1	4	2.286
Sep 18	505	815995	1605080	Afzelia-Dialium coc.-Vitex	1	1	4	2.286
Oct 18	506	815683	1605910	Dialium coc.	0	0	1	0.571
Oct 18	507	815599	1606002	Dialium coc.	0	0	1	0.571
Oct 18	508	815553	1606134	Dialium coc.	0	0	1	0.571
Oct 18	509	815583	1606244	Afzelia-Dialium coc.	0	0	1	0.571
Oct 18	510	815556	1605979	Dialium coc.-spondias	0	1	1	0.571
Oct 18	511	815554	1605856	Dialium coc.	0	0	1	0.571
Oct 18	512	815476	1605735	Dialium coc.	0	0	2	1.143
Oct 18	513	815538	1605659	Dialium coc.	0	0	1	0.571
Oct 18	514	815371	1605033	Dialium coc.	0	0	1	0.571
Oct 18	515	815577	1605009	Dialium coc.	0	0	1	0.571
Oct 18	516	815654	1605209	Dialium coc.	0	0	1	0.571
Oct 18	517	815705	1605193	Dialium coc.	0	0	1	0.571
Oct 18	518	815972	1605033	Dialium coc.	0	0	1	0.571
Oct 18	519	816019	1604883	Dialium coc.	0	0	1	0.571
Oct 18	520	816088	1604620	Dialium coc.	0	0	1	0.571
Oct 18	521	816018	1604705	Dialium coc.	0	0	2	1.143
Oct 18	522	816145	1604710	Dialium coc.	0	0	2	1.143
Oct 18	523	816217	1604674	Dialium coc., Species no. 24	0	1	2	1.143
Oct 18	524	815957	1604224	Dialium coc.	0	0	1	0.571
Oct 18	525	815884	1603999	Dialium coc.	0	0	1	0.571
Oct 18	526	815709	1604131	Dialium coc.	0	0	2	1.143
Oct 18	527	815829	1604069	Dialium coc.	0	0	4	2.286
Oct 18	528	815829	1604069	Dialium coc.	0	0	4	2.286
Oct 18	529	815680	1604096	Dialium coc.	0	0	1	0.571
Oct 18	530	815709	1604131	Dialium coc.	0	0	2	1.143
Oct 18	531	815829	1604069	Dialium coc.	0	0	4	2.286
Oct 18	532	815853	1604407	Dialium coc.	0	0	3	1.714
Oct 18	533	815720	1604714	Dialium coc.	0	0	1	0.571
Oct 18	534	815728	1604661	Dialium coc.	0	0	1	0.571
Oct 18	535	815709	1604587	Dialium coc.	0	0	2	1.143
Oct 18	536	815555	1604529	Dialium coc.	0	0	2	1.143
Oct 18	537	815555	1604529	Dialium coc.	0	0	2	1.143
Oct 18	538	815709	1604587	Dialium coc.	0	0	2	1.143
Oct 18	539	815941	1604564	Dialium coc.	0	0	1	0.571
Oct 18	540	816018	1604705	Dialium coc.	0	0	2	1.143
Oct 18	541	816145	1604710	Dialium coc.	0	0	2	1.143
Oct 18	542	816217	1604674	Species no. 24	0	1	2	1.143
Oct 18	543	815998	1604003	Dialium coc.	0	0	1	0.571
Oct 18	544	815940	1604009	Dialium coc.	0	0	1	0.571
								
