Months	ID	X	Y	Main consumed sp	Swallow seeds	Spitted seeds	Use	% Use TOT	
Nov 17	202	815380	1605704	Dialium coc.	1	1	1	0.292	
Nov 17	203	814944	1605979	Dialium coc.	1	1	1	0.292	
Nov 17	204	814842	1606037	Dialium coc.	1	1	1	0.292	
Nov 17	205	814767	1606143	Acacia-Leucaena	0	0	1	0.292	
Nov 17	206	814720	1606071	Dialium coc.	1	1	2	0.583	
Nov 17	207	814462	1605869	Leucaena	0	0	1	0.292	
Nov 17	208	814374	1605773	Dialium-Leucaena	1	1	1	0.292	
Nov 17	209	814293	1605653	Afzelia	0	1	1	0.292	
Nov 17	210	814112	1605813	Leucaena	0	0	1	0.292	
Nov 17	211	813911	1605748	Afzellia	0	1	1	0.292	
Nov 17	212	813891	1605455	Unknow	0	1	1	0.292	
Nov 17	213	813735	1605533	Leucaena-Spondias	0	1	1	0.292	
Nov 17	214	813546	1605596	Acacia-Leucaena	0	0	2	0.583	
Nov 17	215	813342	1605997	Dialium coc.-Acacia	1	1	2	0.583	
Nov 17	216	813634	1605830	Dialium coc.	0	0	1	0.292	
Nov 17	217	813546	1605596	Acacia	0	0	2	0.583	
Nov 17	218	813344	1605536	Acacia	0	0	1	0.292	
Nov 17	219	813320	1605438	Acacia	0	0	4	1.166	
Nov 17	220	813343	1605355	Acacia-leucaena	0	0	1	0.292	
Nov 17	221	813257	1605416	Acacia	0	0	1	0.292	
Nov 17	222	813237	1605278	Acacia-leucaena	0	0	1	0.292	
Nov 17	223	813325	1605172	Acacia-Dialium coc.	0	0	1	0.292	
Nov 17	224	813771	1604696	Acacia-Leucaena-Micocros	1	1	2	0.583	
Nov 17	225	813915	1604752	Acacia-Dialium coc.	0	0	3	0.875	
Nov 17	226	813915	1604752	Acacia-Dialium coc.	0	0	3	0.875	
Nov 17	227	813771	1604696	Acacia-Leucaena-Micocros	1	1	2	0.583	
Nov 17	228	813838	1604631	Leucaena	0	0	2	0.583	
Nov 17	229	813970	1604548	Sapotaceae	1	1	2	0.583	
Nov 17	230	814035	1604399	Sapotaceae	1	1	1	0.292	
Nov 17	231	814384	1603723	Dialium coc.	1	1	1	0.292	
Nov 17	232	814430	1603526	Dialium coc.	1	1	3	0.875	
Nov 17	233	814399	1603482	Dialium coc.	1	1	3	0.875	
Nov 17	234	814430	1603526	Dialium coc.	1	1	3	0.875	
Nov 17	235	814399	1603482	Dialium coc.	1	1	3	0.875	
Nov 17	236	814651	1603702	Dialium coc.	1	1	1	0.292	
Nov 17	237	815093	1603938	Dialium coc.	1	1	1	0.292	
Nov 17	238	815201	1604013	Dialium coc.	1	1	1	0.292	
Nov 17	239	815266	1604065	Afzelia-Dialium coc.	1	1	4	1.166	
Nov 17	240	815278	1604008	Dialium coc.	1	1	3	0.875	
Nov 17	241	815388	1604060	Dialium coc.	1	1	1	0.292	
Nov 17	242	815957	1604198	Dialium coc.	1	1	1	0.292	
Nov 17	243	815941	1604564	Dialium coc.	0	0	2	0.583	
Dec 17	244	815379	1606130	Leucaena	0	0	1	0.292	
Dec 17	245	814720	1606071	Afzelia-Dialium coc.-Leucaena	1	1	2	0.583	
Dec 17	246	814696	1606137	Acacia-Leucaena	0	0	1	0.292	
Dec 17	247	814509	1606006	Afzelia-Acacia-Leucaena	0	1	1	0.292	
Dec 17	248	814322	1605802	Afzelia-Dialium coc.-Leucaena	1	1	1	0.292	
Dec 17	249	814180	1605688	Dialium coc.	0	0	1	0.292	
Dec 17	250	813841	1605611	Dialium coc.	0	0	1	0.292	
Dec 17	251	813523	1605539	Acacia	0	0	2	0.583	
Dec 17	252	813594	1605540	Acacia-Dialium coc.	1	1	2	0.583	
Dec 17	253	813523	1605539	Acacia	0	0	2	0.583	
Dec 17	254	813320	1605438	Acacia	0	0	4	1.166	
Dec 17	255	813911	1605033	Dialium coc.	0	0	1	0.292	
Dec 17	256	813912	1604928	Dialium coc.	1	1	2	0.583	
Dec 17	257	813840	1604754	Dialium coc.	0	0	1	0.292	
Dec 17	258	813838	1604631	Dialium coc.-Leucaena	0	0	2	0.583	
Dec 17	259	813927	1604504	Dialium coc.	0	0	1	0.292	
Dec 17	260	813970	1604548	Sapotaceae	1	1	2	0.583	
Dec 17	261	814212	1604378	Species no. 3	1	1	1	0.292	
Dec 17	262	814799	1603769	Dialium coc.	1	1	2	0.583	
Dec 17	263	814944	1603812	Dialium coc.	1	1	1	0.292	
Dec 17	264	815266	1604065	Dialium coc.	0	0	4	1.166	
Dec 17	265	815278	1604008	Dialium coc.	1	1	3	0.875	
Dec 17	266	815278	1604008	Dialium coc.	1	1	3	0.875	
Dec 17	267	815868	1604270	Dialium coc.	0	0	2	0.583	
Dec 17	268	815778	1604731	Dialium coc.	1	1	1	0.292	
Dec 17	269	815866	1604691	Dialium coc.	0	0	1	0.292	
Dec 17	270	815941	1604564	Dialium coc.	1	1	2	0.583	
Dec 17	271	815798	1604560	Dialium coc.	1	1	1	0.292	
Dec 17	272	816259	1604466	Dialium coc.	1	1	1	0.292	
Dec 17	273	816263	1604381	Dialium coc.	1	1	2	0.583	
Dec 17	274	816242	1604273	Dialium coc.	1	1	1	0.292	
Dec 17	275	816157	1604070	Dialium coc.	1	1	1	0.292	
Dec 17	276	816017	1604038	Dialium coc.	1	1	1	0.292	
Dec 17	277	815865	1604100	Dialium coc.	1	1	1	0.292	
Dec 17	278	815365	1604124	Dialium coc.	0	0	2	0.583	
Dec 17	279	815438	1604096	Dialium coc.	1	1	1	0.292	
Dec 17	280	815572	1604110	Dialium coc.	1	1	2	0.583	
Dec 17	281	815588	1603944	Dialium coc.-Leucaena	1	1	3	0.875	
Dec 17	282	815660	1604010	Dialium coc.	1	1	1	0.292	
Dec 17	283	815707	1604078	Dialium coc.	1	1	2	0.583	
Dec 17	284	815612	1604394	Dialium coc.	1	1	1	0.292	
Dec 17	285	815065	1604834	Dialium coc.	0	0	1	0.292	
Dec 17	286	815313	1604946	Dialium coc.	0	0	1	0.292	
Dec 17	287	815746	1605169	Dialium coc.	1	1	2	0.583	
Dec 17	288	816183	1604661	Dialium coc.	1	1	1	0.292	
Dec 17	289	816195	1604594	Dialium coc.	1	1	1	0.292	
Jan 18	290	815396	1604437	Dialium coc.	0	0	1	0.292	
Jan 18	291	815517	1604062	Dialium coc.	1	1	1	0.292	
Jan 18	292	815588	1603944	Dialium coc.-Leucaena	1	1	3	0.875	
Jan 18	293	815420	1603936	Dialium coc.	0	0	1	0.292	
Jan 18	294	815266	1604065	Dialium coc.	0	0	4	1.166	
Jan 18	295	814799	1603769	Dialium coc.	1	1	2	0.583	
Jan 18	296	814755	1603599	Dialium coc.	1	1	1	0.292	
Jan 18	297	814693	1603561	Dialium coc.	1	1	2	0.583	
Jan 18	298	814529	1603436	Dialium coc.	1	1	1	0.292	
Jan 18	299	814399	1603374	Dialium coc.	1	1	1	0.292	
Jan 18	300	814375	1603416	Dialium coc.	1	1	1	0.292	
Jan 18	301	814128	1603744	Dialium coc.	0	0	1	0.292	
Jan 18	302	813694	1603899	Leucaena	0	0	1	0.292	
Jan 18	303	813586	1603868	Leucaena	0	0	1	0.292	
Jan 18	304	813492	1603827	Leucaena	0	0	1	0.292	
Jan 18	305	813164	1604281	Acacia	0	0	1	0.292	
Jan 18	306	813123	1604345	Acacia	0	0	1	0.292	
Jan 18	307	812994	1604376	Acacia-Leucaena	0	0	1	0.292	
Jan 18	308	812897	1604619	Leucaena	0	0	1	0.292	
Jan 18	309	812839	1604701	Acacia-Leucaena	0	0	1	0.292	
Jan 18	310	812804	1604776	Acacia	0	0	1	0.292	
Jan 18	311	812861	1604898	Acacia-Leucaena	0	0	1	0.292	
Jan 18	312	812897	1605052	Acacia-Leucaena	0	0	2	0.583	
Jan 18	313	813006	1605151	Acacia	0	0	1	0.292	
Jan 18	314	813204	1605308	Acacia	0	0	5	1.458	
Jan 18	315	813418	1605392	Dialium coc.-Leucaena	0	0	3	0.875	
Jan 18	316	813320	1605438	Acacia-Spondias	0	1	4	1.166	
Jan 18	317	813486	1605434	Dialium coc.	0	0	1	0.292	
Jan 18	318	813998	1605074	Dialium coc.	0	0	1	0.292	
Jan 18	319	814139	1605020	Dialium coc.	0	0	1	0.292	
Jan 18	320	814447	1604824	Dialium coc.	0	0	1	0.292	
Jan 18	321	814410	1604762	Afzelia-Dialium coc.-Ficus	1	1	1	0.292	
Jan 18	322	814060	1604741	Peltophorum	0	0	1	0.292	
Jan 18	323	814015	1604771	Peltophorum	0	0	1	0.292	
Jan 18	324	813915	1604752	Dialium coc.-Peltophorum	0	0	3	0.875	
Jan 18	325	813724	1604666	Leucaena	0	0	1	0.292	
Jan 18	326	813622	1604668	Afzelia	0	1	1	0.292	
Jan 18	327	813231	1605129	Acacia	0	0	1	0.292	
Jan 18	328	813204	1605308	Acacia	0	0	5	1.458	
Jan 18	329	813218	1605365	Acacia-Leucaena	0	0	1	0.292	
Jan 18	330	813320	1605438	Leucaena-Spondias	0	1	4	1.166	
Jan 18	331	813418	1605392	Dialium coc.	0	0	3	0.875	
Jan 18	332	814075	1605282	Dialium coc.	0	0	1	0.292	
Jan 18	333	814621	1605043	Afzelia-Dialium coc.-Spondias	0	1	1	0.292	
Jan 18	334	815203	1604331	Dialium coc.	0	0	1	0.292	
Jan 18	335	815266	1604065	Dialium coc.	0	0	4	1.166	
Jan 18	336	815254	1603970	Dialium coc.	1	1	1	0.292	
Jan 18	337	815213	1603894	Dialium coc.	1	1	1	0.292	
Jan 18	338	815359	1603867	Dialium coc.	1	1	1	0.292	
Jan 18	339	815588	1603944	Dialium coc.	1	1	3	0.875	
Jan 18	340	815715	1604017	Dialium coc.	1	1	1	0.292	
Jan 18	341	815707	1604078	Species no. 3	1	1	2	0.583	
Jan 18	342	815868	1604270	Dialium coc.	0	0	2	0.583	
Jan 18	343	816263	1604381	Dialium coc.	1	1	2	0.583	
Feb 18	344	814071	1605206	Species no. 3	1	1	1	0.292	
Feb 18	346	813594	1605540	Dialium coc.	0	0	2	0.583	
Feb 18	347	813298	1605339	Acacia	0	0	1	0.292	
Feb 18	348	813796	1604817	Dialium coc.-peltophorum	0	0	1	0.292	
Feb 18	349	814282	1604438	Species no. 3	1	1	1	0.292	
Feb 18	350	814899	1604224	Species no. 3	1	1	2	0.583	
Feb 18	351	815117	1603977	Dialium coc.-Species no.3	0	0	1	0.292	
Feb 18	352	815365	1604124	Species no. 3	1	1	2	0.583	
Feb 18	353	815320	1604073	Dialium coc.	0	0	1	0.292	
Feb 18	354	815287	1603799	Dialium coc.	0	0	1	0.292	
Feb 18	355	814693	1603561	Dialium coc.	0	0	2	0.583	
Feb 18	356	814598	1603482	Dialium coc.	1	1	2	0.583	
Feb 18	357	814430	1603526	Dialium coc.	1	1	3	0.875	
Feb 18	358	814008	1604244	Species no. 3	1	1	1	0.292	
Feb 18	359	813874	1604135	Species no. 3	1	1	1	0.292	
Feb 18	360	813407	1604614	Species no. 3	1	1	1	0.292	
Feb 18	361	813170	1604708	Leucaena	0	0	1	0.292	
Feb 18	362	813104	1604818	Acacia-Leucaena	0	0	1	0.292	
Feb 18	363	813117	1604994	Acacia-Leucaena	0	0	1	0.292	
Feb 18	364	813132	1605113	Acacia	0	0	1	0.292	
Feb 18	365	813204	1605308	Acacia	0	0	5	1.458	
Feb 18	366	813418	1605392	Dialium coc.	0	0	3	0.875	
Feb 18	367	814311	1605533	Species no. 3	1	1	1	0.292	
Feb 18	368	815524	1605263	Dialium coc.	0	0	1	0.292	
Feb 18	369	815625	1605229	Dialium coc.	0	0	1	0.292	
Feb 18	370	815666	1605121	Dialium coc.	0	0	1	0.292	
Feb 18	371	815746	1605169	Dialium coc.	0	0	2	0.583	
Feb 18	372	816117	1604670	Dialium coc.	0	0	1	0.292	
Feb 18	373	816135	1604527	Dialium coc.-Species no.3	0	0	1	0.292	
Feb 18	374	816073	1604380	Species no. 3	1	1	1	0.292	
Feb 18	375	815995	1604410	Dialium coc.	0	0	1	0.292	
Feb 18	376	815648	1604120	Species no. 3	1	1	1	0.292	
Feb 18	377	815572	1604110	Dialium coc.	0	0	2	0.583	
Mar 18	378	814399	1603482	Dialium coc.	1	1	3	0.875	
Mar 18	379	814503	1603370	Dialium coc.	1	1	1	0.292	
Mar 18	380	814598	1603482	Dialium coc.	1	1	2	0.583	
Mar 18	381	814609	1604236	Species no. 3	1	1	1	0.292	
Mar 18	382	814899	1604224	Species no. 3	1	1	2	0.583	
Mar 18	383	815328	1603829	Dialium coc.	1	1	1	0.292	
Mar 18	384	815395	1604294	Species no. 3	1	1	1	0.292	
Mar 18	385	815181	1604454	Species no. 3	1	1	1	0.292	
Mar 18	386	815017	1605131	Dehasiaa	0	1	1	0.292	
Mar 18	387	814845	1605049	Dehasiaa	0	1	1	0.292	
Mar 18	388	813204	1605308	Acacia	0	0	5	1.458	
Mar 18	389	813258	1605191	Dialium coc.-Leucaena	0	0	1	0.292	
Mar 18	390	813200	1605243	Acacia	0	0	2	0.583	
Mar 18	391	813204	1605308	Acacia	0	0	5	1.458	
Mar 18	392	813008	1605220	Acacia-Leucaena	0	0	1	0.292	
Mar 18	393	812897	1605052	Acacia-Leucaena	0	0	2	0.583	
Mar 18	394	812816	1604976	Acacia-Leucaena	0	0	1	0.292	
Mar 18	395	812679	1604968	Acacia	0	0	1	0.292	
Mar 18	396	812567	1605008	Acacia	0	0	1	0.292	
Mar 18	397	812528	1605040	Acacia	0	0	1	0.292	
Mar 18	398	812405	1605114	Acacia	0	0	2	0.583	
Mar 18	399	812295	1605115	Acacia	0	0	1	0.292	
Mar 18	400	812353	1605096	Acacia	0	0	1	0.292	
Mar 18	401	812405	1605114	Acacia	0	0	2	0.583	
Mar 18	402	812461	1605435	Leucaena	0	0	1	0.292	
Mar 18	403	812443	1605576	Atocarpus	0	1	1	0.292	
Mar 18	404	812407	1605619	Calamus-Strebblus	1	1	1	0.292	
Mar 18	405	812301	1605914	Leucaena	0	0	1	0.292	
Mar 18	406	812183	1606076	Leucaena	0	0	1	0.292	
Mar 18	407	812178	1605971	Acacia-Calamus	0	0	2	0.583	
Mar 18	408	812178	1605971	Acacia	0	0	2	0.583	
Mar 18	409	812650	1605797	Acacia	0	0	1	0.292	
Mar 18	410	812711	1605756	Acacia-Leucaena	0	0	1	0.292	
Mar 18	411	812929	1605820	Acacia	0	0	1	0.292	
Mar 18	412	812993	1605877	Acacia	0	0	1	0.292	
Mar 18	413	812875	1605715	Acacia	0	0	1	0.292	
Mar 18	414	813029	1605983	Acacia-Streptocaulon	0	0	1	0.292	
Mar 18	415	813133	1606053	Acacia	0	0	1	0.292	
Mar 18	416	813342	1605997	Acacia	0	0	2	0.583	
Mar 18	417	813472	1605827	Acacia	0	0	1	0.292	
Mar 18	418	814326	1604804	Baccaurea-Strebblus	1	1	1	0.292	
Mar 18	419	814243	1604469	Litsea-Species no. 3-Xerospemum	1	1	1	0.292	
									
